############说明开始##############
#本文档是func_loggin_multilayer.m生成的数据文档
#您可以根据自己的需求提取数据
#不同数据的标识符为 <==:datakind:==> 
#不同的datakind代表不同物理量
#您需要自己编程提取本文档中的数据
####copyleft---liyang---2017####
############说明结束##############



>>>DATA_READ_POINT<<<
<==:sigma:==>
1.000000e-03  1.123655e-03  1.262600e-03  1.418727e-03  1.594159e-03  1.791284e-03  2.012785e-03  2.261676e-03  2.541343e-03  2.855592e-03  3.208700e-03  3.605471e-03  4.051305e-03  4.552268e-03  5.115178e-03  5.747694e-03  6.458424e-03  7.257040e-03  8.154407e-03  9.162739e-03  1.029576e-02  1.156888e-02  1.299942e-02  1.460686e-02  1.641307e-02  1.844263e-02  2.072315e-02  2.328566e-02  2.616505e-02  2.940048e-02  3.303599e-02  3.712105e-02  4.171125e-02  4.686904e-02  5.266462e-02  5.917686e-02  6.649436e-02  7.471671e-02  8.395579e-02  9.433732e-02  1.060026e-01  1.191103e-01  1.338389e-01  1.503887e-01  1.689850e-01  1.898808e-01  2.133605e-01  2.397435e-01  2.693889e-01  3.027002e-01  3.401305e-01  3.821893e-01  4.294488e-01  4.825522e-01  5.422221e-01  6.092705e-01  6.846097e-01  7.692650e-01  8.643883e-01  9.712740e-01  1.091377e+00  1.226331e+00  1.377972e+00  1.548365e+00  1.739828e+00  1.954966e+00  2.196707e+00  2.468340e+00  2.773563e+00  3.116527e+00  3.501900e+00  3.934927e+00  4.421500e+00  4.968240e+00  5.582586e+00  6.272900e+00  7.048574e+00  7.920164e+00  8.899530e+00  1.000000e+01  

<==:V_image:==>
8.930543e-03  8.929791e-03  8.928928e-03  8.927937e-03  8.926797e-03  8.925485e-03  8.923975e-03  8.922235e-03  8.920230e-03  8.917918e-03  8.915249e-03  8.912170e-03  8.908613e-03  8.904505e-03  8.899758e-03  8.894272e-03  8.887930e-03  8.880599e-03  8.872123e-03  8.862325e-03  8.850999e-03  8.837909e-03  8.822785e-03  8.805316e-03  8.785149e-03  8.761878e-03  8.735045e-03  8.704126e-03  8.668531e-03  8.627592e-03  8.580561e-03  8.526598e-03  8.464770e-03  8.394040e-03  8.313268e-03  8.221203e-03  8.116489e-03  7.997664e-03  7.863169e-03  7.711365e-03  7.540548e-03  7.348981e-03  7.134932e-03  6.896722e-03  6.632792e-03  6.341773e-03  6.022580e-03  5.674516e-03  5.297390e-03  4.891644e-03  4.458489e-03  4.000045e-03  3.519461e-03  3.021028e-03  2.510255e-03  1.993895e-03  1.479901e-03  9.773092e-04  4.960094e-04  4.641164e-05  -3.610053e-04  -7.162538e-04  -1.010485e-03  -1.236684e-03  -1.390359e-03  -1.470150e-03  -1.478267e-03  -1.420677e-03  -1.306970e-03  -1.149831e-03  -9.641513e-04  -7.657945e-04  -5.701720e-04  -3.907798e-04  -2.379242e-04  -1.178436e-04  -3.239430e-05  2.062712e-05  4.657705e-05  5.265150e-05  

<==:V_real:==>
-7.848823e-04  -7.896921e-04  -7.950686e-04  -8.010768e-04  -8.077885e-04  -8.152834e-04  -8.236497e-04  -8.329850e-04  -8.433967e-04  -8.550034e-04  -8.679358e-04  -8.823374e-04  -8.983655e-04  -9.161928e-04  -9.360076e-04  -9.580155e-04  -9.824399e-04  -1.009523e-03  -1.039528e-03  -1.072736e-03  -1.109451e-03  -1.149996e-03  -1.194715e-03  -1.243972e-03  -1.298148e-03  -1.357642e-03  -1.422863e-03  -1.494228e-03  -1.572159e-03  -1.657072e-03  -1.749368e-03  -1.849423e-03  -1.957575e-03  -2.074106e-03  -2.199223e-03  -2.333034e-03  -2.475526e-03  -2.626530e-03  -2.785693e-03  -2.952439e-03  -3.125929e-03  -3.305025e-03  -3.488243e-03  -3.673718e-03  -3.859164e-03  -4.041845e-03  -4.218554e-03  -4.385612e-03  -4.538874e-03  -4.673780e-03  -4.785415e-03  -4.868624e-03  -4.918161e-03  -4.928884e-03  -4.895999e-03  -4.815349e-03  -4.683733e-03  -4.499263e-03  -4.261704e-03  -3.972807e-03  -3.636568e-03  -3.259393e-03  -2.850108e-03  -2.419797e-03  -1.981405e-03  -1.549123e-03  -1.137544e-03  -7.606492e-04  -4.306950e-04  -1.571270e-04  5.434529e-05  2.023588e-04  2.900640e-04  3.247683e-04  3.170502e-04  2.794383e-04  2.248412e-04  1.649831e-04  1.091205e-04  6.327176e-05  