############说明开始##############
#本文档是func_loggin_multilayer.m生成的数据文档
#您可以根据自己的需求提取数据
#不同数据的标识符为 <==:datakind:==> 
#不同的datakind代表不同物理量
#您需要自己编程提取本文档中的数据
####copyleft---liyang---2017####
############说明结束##############



>>>DATA_READ_POINT<<<
<==:sigma:==>
1.000000e-03  1.123655e-03  1.262600e-03  1.418727e-03  1.594159e-03  1.791284e-03  2.012785e-03  2.261676e-03  2.541343e-03  2.855592e-03  3.208700e-03  3.605471e-03  4.051305e-03  4.552268e-03  5.115178e-03  5.747694e-03  6.458424e-03  7.257040e-03  8.154407e-03  9.162739e-03  1.029576e-02  1.156888e-02  1.299942e-02  1.460686e-02  1.641307e-02  1.844263e-02  2.072315e-02  2.328566e-02  2.616505e-02  2.940048e-02  3.303599e-02  3.712105e-02  4.171125e-02  4.686904e-02  5.266462e-02  5.917686e-02  6.649436e-02  7.471671e-02  8.395579e-02  9.433732e-02  1.060026e-01  1.191103e-01  1.338389e-01  1.503887e-01  1.689850e-01  1.898808e-01  2.133605e-01  2.397435e-01  2.693889e-01  3.027002e-01  3.401305e-01  3.821893e-01  4.294488e-01  4.825522e-01  5.422221e-01  6.092705e-01  6.846097e-01  7.692650e-01  8.643883e-01  9.712740e-01  1.091377e+00  1.226331e+00  1.377972e+00  1.548365e+00  1.739828e+00  1.954966e+00  2.196707e+00  2.468340e+00  2.773563e+00  3.116527e+00  3.501900e+00  3.934927e+00  4.421500e+00  4.968240e+00  5.582586e+00  6.272900e+00  7.048574e+00  7.920164e+00  8.899530e+00  1.000000e+01  

<==:V_image:==>
2.795402e-04  2.794344e-04  2.793154e-04  2.791815e-04  2.790309e-04  2.788615e-04  2.786709e-04  2.784564e-04  2.782151e-04  2.779436e-04  2.776382e-04  2.772947e-04  2.769083e-04  2.764737e-04  2.759851e-04  2.754357e-04  2.748181e-04  2.741242e-04  2.733446e-04  2.724692e-04  2.714866e-04  2.703842e-04  2.691481e-04  2.677628e-04  2.662117e-04  2.644761e-04  2.625359e-04  2.603691e-04  2.579521e-04  2.552593e-04  2.522635e-04  2.489356e-04  2.452451e-04  2.411603e-04  2.366483e-04  2.316759e-04  2.262098e-04  2.202174e-04  2.136678e-04  2.065328e-04  1.987880e-04  1.904143e-04  1.813997e-04  1.717404e-04  1.614436e-04  1.505284e-04  1.390286e-04  1.269937e-04  1.144909e-04  1.016063e-04  8.844508e-05  7.513189e-05  6.180945e-05  4.863670e-05  3.578553e-05  2.343631e-05  1.177228e-05  9.727492e-07  -8.794540e-06  -1.738149e-05  -2.466781e-05  -3.056853e-05  -3.504027e-05  -3.808566e-05  -3.975509e-05  -4.014563e-05  -3.939665e-05  -3.768232e-05  -3.520150e-05  -3.216560e-05  -2.878559e-05  -2.525947e-05  -2.176116e-05  -1.843227e-05  -1.537717e-05  -1.266197e-05  -1.031700e-05  -8.342177e-06  -6.714350e-06  -5.395266e-06  

<==:V_real:==>
-1.731623e-04  -1.733052e-04  -1.734643e-04  -1.736414e-04  -1.738384e-04  -1.740575e-04  -1.743008e-04  -1.745710e-04  -1.748707e-04  -1.752029e-04  -1.755708e-04  -1.759778e-04  -1.764276e-04  -1.769241e-04  -1.774715e-04  -1.780742e-04  -1.787370e-04  -1.794647e-04  -1.802624e-04  -1.811351e-04  -1.820882e-04  -1.831269e-04  -1.842562e-04  -1.854811e-04  -1.868061e-04  -1.882351e-04  -1.897713e-04  -1.914168e-04  -1.931724e-04  -1.950373e-04  -1.970087e-04  -1.990813e-04  -2.012468e-04  -2.034935e-04  -2.058060e-04  -2.081639e-04  -2.105420e-04  -2.129093e-04  -2.152286e-04  -2.174561e-04  -2.195409e-04  -2.214250e-04  -2.230431e-04  -2.243231e-04  -2.251866e-04  -2.255499e-04  -2.253258e-04  -2.244250e-04  -2.227592e-04  -2.202439e-04  -2.168020e-04  -2.123678e-04  -2.068913e-04  -2.003430e-04  -1.927175e-04  -1.840384e-04  -1.743605e-04  -1.637725e-04  -1.523972e-04  -1.403900e-04  -1.279358e-04  -1.152430e-04  -1.025363e-04  -9.004632e-05  -7.799941e-05  -6.660587e-05  -5.604882e-05  -4.647446e-05  -3.798450e-05  -3.063178e-05  -2.441959e-05  -1.930474e-05  -1.520431e-05  -1.200508e-05  -9.574784e-06  -7.773790e-06  -6.465840e-06  -5.526836e-06  -4.850854e-06  -4.353138e-06  